1979   7.25   8.58   5.23   3.47   2.64   0.65  -3.60  -5.81  -8.25 -10.35 -10.97 -10.61
1980  -8.77  -9.10  -8.79  -9.04  -7.54  -2.90   2.68   5.43   7.22   7.70   8.29   8.38
1981   5.44   4.01   4.22   4.88   4.69   3.47   3.87   2.92   1.75   0.30  -0.51  -2.29
1982  -2.99  -5.75  -6.12  -7.42  -9.38 -12.23 -12.18  -9.10  -5.75  -2.09   2.65   5.71
1983   5.55   4.89   3.91   4.92   7.44   7.95   7.65   6.25   5.11   3.45   2.07   0.12
1984  -1.05  -1.83  -2.49  -2.43  -4.71  -7.40 -10.46 -11.68 -12.36 -13.03 -12.50 -10.01
1985  -8.13  -6.80  -5.53  -1.71   2.01   4.93   7.01   8.65   8.91   9.11   8.14   6.55
1986   5.65   5.88   7.53   6.48   6.45   7.34   5.20   3.39   2.74   3.57   1.84  -0.13
1987  -0.13  -0.80  -2.75  -6.07 -10.06 -11.32 -12.78 -10.46  -5.65  -0.26   3.78   3.44
1988   3.67   3.79   2.67   3.15   4.32   6.34   6.77   6.36   6.36   5.45   4.88   3.24
1989   3.46   1.88   1.63   3.24   1.61  -0.46  -1.79  -2.79  -4.99  -7.09  -7.91  -8.47
1990  -7.78  -7.59  -8.05  -8.25  -3.66   2.16   6.70   8.83   8.08   8.56   9.15   8.93
1991   6.77   5.52   5.61   4.75   4.81   3.49   1.63  -0.56  -0.27  -0.05  -0.87  -1.97
1992  -2.18  -2.08  -3.94  -6.06  -7.63  -9.99 -11.41 -11.23  -9.15  -7.07  -5.41  -1.36
1993   3.49   4.20   3.84   5.19   7.94   8.78   8.34   6.96   7.00   5.53   3.86   2.83
1994   1.71   0.36   0.38  -2.22  -5.98 -11.37 -13.57 -13.96 -15.58 -13.87  -8.99  -3.82
1995  -0.11   1.43   1.97   3.09   5.42   8.18  10.54  10.50   7.79   6.75   4.85   2.67
1996   2.39   2.43   1.09   0.66  -3.58  -6.65  -8.72 -10.03 -10.63 -11.97 -11.77  -9.30
1997  -8.64  -6.66  -7.18  -3.75   1.08   6.57  10.63  10.83  11.19   9.48   8.75   7.48
1998   5.00   3.81   3.05   2.29  -2.96  -8.84 -10.63 -10.80 -11.95 -13.47 -10.54  -7.35
1999  -4.17  -3.51  -1.44   0.46   4.20   7.94  10.27  10.10   9.70   9.06   7.77   7.94
2000   7.40   6.70   7.32   8.74   9.60   6.24   3.77   3.02   2.25   1.62  -0.39  -0.75
2001  -2.01  -2.56  -3.11  -2.78  -4.12  -6.96  -8.73 -12.57 -12.80 -12.12 -11.28  -8.61
2002  -5.37  -3.18  -0.28   3.66   6.52   8.62   8.93  10.56  10.45   9.32   8.14   5.95
2003   4.66   5.06   4.31   1.42  -1.83  -3.06  -3.95  -4.92  -6.47  -7.75  -9.67  -9.14
2004  -7.13  -5.15  -4.49  -1.05   3.04   6.87   9.78  10.95   8.53   9.03   8.22   7.85
2005   6.10   5.89   6.67   4.12   0.14  -3.21  -6.20  -7.23  -9.08 -11.36 -12.07 -12.45
2006 -13.35 -12.39 -10.98 -10.52  -6.29   1.57   7.05   8.08  11.05  10.94  10.86   9.40
2007   7.10   6.96   7.63   5.88   2.68  -2.69  -6.82  -8.60  -9.26 -10.60 -12.41 -13.99
2008 -15.07 -12.91 -10.64  -9.06  -4.63   3.67   9.43  10.20   8.96   8.23   7.02   7.70
2009   8.22   7.93   6.27   7.35   8.50   8.35   5.94   5.81   6.00   5.42   3.62   1.41
2010   1.61   0.52  -1.14  -8.96 -15.52 -18.37 -16.38  -9.54  -1.99   5.00   8.69   8.48
2011   5.87   5.76   5.51   3.86   5.40   8.52  11.29  12.03  12.31  12.39   8.61   2.37
2012   0.14  -0.82  -1.63  -2.71  -3.88  -5.03  -6.17  -6.79  -9.11  -9.58 -10.54 -11.73
2013  -9.78  -8.92  -9.12  -8.10  -6.44   1.21   7.71   9.99   9.95   9.63   9.85   9.92
2014   9.58   9.74   8.40   7.33   7.25   4.18   2.44   2.82   1.28  -1.39  -5.13  -8.64
2015 -10.08 -10.86 -12.01 -15.66 -19.09 -13.21  -4.19   3.55   8.14  10.07   9.43   7.58
2016   5.63   3.66   1.60  -4.22  -7.94  -8.42  -5.89  -0.63   2.52   5.46   7.22   8.67
2017   9.53   9.64   9.00   8.33   8.84   7.99   7.02   5.55   4.20   2.65   1.37   0.26
2018  -0.43  -1.36  -0.97  -3.56  -9.07 -12.75 -14.38 -15.10 -16.36 -13.42  -9.56  -5.35
2019  -3.41  -2.33   1.64   3.89   7.20   9.54   9.22   9.41   6.85   5.93   4.30   4.69
2020   1.76  -1.22  -2.96  -7.93 -11.90 -10.49  -6.18  -1.10   4.59   7.87   8.20   8.33
2021   7.12   5.99   6.73   5.87   6.57   5.62   4.76   3.68   3.53   1.52  -0.52  -3.26
2022  -6.20  -6.86  -5.98  -9.62 -15.23 -14.14 -10.22  -3.90   1.79   6.06   7.97   8.09
2023   7.92   6.74   6.90   8.71   9.64  10.61   7.90   5.64   3.43   2.53  -0.27  -6.85